1001
1002
1003
1004
1008
1029
1030
1031
1201
1202
1203
1900
1901
1902
1903
1904
1905
1906
2002
2016
2201
2202
3001
3002
3005
3007
3008
3009
3010
3011
3012
3013
3014
3015
3017
3018
3019
3020
3021
3022
3024
3025
3027
3029
3031
3032
3033
3034
3035
3036
3037
3038
3100
3101
3201
3202
4000
4001
4002
4003
4004
4006
4007
4009
4010
4011
4100
4105
4106
4108
4109
4110
4111
4112
4113
4114
4115
4116
4117
4118
4119
4200
4300
4301
4302
4303
4304
4305
4310
4311
4312
4313
4320
4321
4322
4323
4324
4325
4326
4327
4328
4329
4330
4340
4351
4352
4353
4354
4355
4361
4371
4372
4373
4374
4375
4376
4377
4378
4379
4380
4381
4382
4383
4384
4385
4386
4390
4391
4392
4393
4394
4395
4400
4401
4402
4403
4404
4405
4406
4410
4411
4412
4413
4414
4415
4416
4417
4418
4501
4503
4505
4506
4900
4901
5000
5001
5002
5003
5004
5005
5006
5007
5008
5009
5010
5011
5012
5013
5014
5015
5016
5017
5018
5019
5022
5023
5024
5025
5026
5029
5030
5031
5032
5033
5034
5035
5036
5037
5038
5039
5040
5042
5043
5044
5045
5046
5047
5048
5049
5050
5051
5052
5053
5054
5055
5057
5058
5059
5062
5070
5071
5072
5102
5103
5104
5105
5106
5107
5108
5111
5112
5113
5114
5115
5116
5118
5119
5120
5121
5122
5123
5124
5125
5201
5202
5221
5222
5223
5251
5252
5253
5400
5401
5402
5403
5404
5405
5406
5500
5501
5502
5503
5550
5551
5552
5553
5554
5555
5556
5557
5558
5919
6000
6001
6002
6003
6004
6005
6006
6007
6008
6009
7001
7002
7003
7005
7007
7009
7010
7011
7012
7013
7015
7017
7019
7020
7022
7023
7024
7101
7102
7103
7105
7108
7109
7200
7201
7501
7503
7504
7505
7510
7511
7512
8001
8002
8003
8004
8005
8006
8007
8008
8009
8010
8011
8012
8013
8014
8015
8016
8018
8019
8020
8021
8022
8023
8024
8027
8028
8029
8030
8501
8502
8503
8504
8505
8506
8507
8508
8520
8530
8531
8540
9002
9003
9004
9005
9006
9007
9008
9009
9010
9013
9014
9016
9017
9019
9021
9022
9023
9024
9025
9026
9027
9028
9029
9030
9031
9032
9091
9101
9102
9103
9104
9105
9111
9112
9113
9114
9116
9117
9118
9501
10001
10002
10003
10004
10005
10006
10007
10008
10009
10010
10011
11003
11015
11016
11020
11040
11041
11042
11043
11044
11045
11046
11047
11048
11049
11050
11051
11052
11053
11054
11055
11056
11057
11058
11059
11060
12001
12002
12003
12004
12005
12101
12102
12103
12104
12105
12106
12107
12108
12109
12110
12201
12202
12203
12204
12301
12302
12303
12304
12401
12402
12403
12404
12405
12501
13001
13002
13003
13004
13005
13006
13007
13008
13009
13010
13011
13012
13013
13016
13017
13018
13020
13022
13025
13026
13027
13028
13029
13030
13031
13032
13033
13034
13035
13036
13037
13038
13039
13040
13041
13042
13043
13044
13045
13046
13047
13048
13049
13050
13051
13052
13053
13054
13055
13501
14001
14002
14003
14004
14005
14006
14009
14010
14012
14013
15010
15011
15012
15013
15014
15017
15018
15019
15020
16001
16002
16003
16004
16005
16006
16007
16008
16009
16010
16101
16102
16103
16104
16105
16201
17001
17002
17003
17004
17005
17006
17007
17008
17009
17010
17101
17102
17103
17104
17105
17106
17107
17108
17109
17110
17202
17501
17502
17503
17504
17505
17506
18001
18002
18003
18004
18005
18009
18101
18102
18104
18105
18106
18107
18108
18201
18202
19001
19002
19003
19004
19005
19006
19007
19008
19020
19021
20001
20002
20003
20004
20005
20006
20007
20008
20009
20010
20011
20012
20013
20014
20015
20016
20017
20018
20019
20020
20021
20022
20023
20024
20025
20026
20027
20030
20031
20032
20033
20034
20035
20036
20037
20100
20101
20102
20103
20104
20105
20106
20107
20108
20109
20110
20111
20112
20113
20114
20115
20116
20117
20118
20119
20126
20127
20200
20201
20202
20203
20204
20205
20206
20207
20208
20209
20210
20211
20212
20213
20214
20215
20216
20217
20300
20301
20302
20303
20304
20305
20306
20402
20403
20404
20405
20406
20407
20408
20501
20502
20504
20505
20506
20507
20612
20620
20621
20702
20703
20708
20709
20710
20801
20802
20804
20806
20807
20808
20809
20810
21001
21002
21003
21005
21006
21007
21010
21011
25001
25009
25013
25019
26001
26002
26003
26101
26103
26104
27004
27005
27007
27008
27009
27010
28001
28002
29001
29002
29003
29004
29800
29801
29802
29803
29804
29805
29806
29807
29808
29809
29810
29811
29812
29813
29814
29815
29816
29817
29818
29819
29820
29821
29822
29823
29824
29825
29826
29827
29828
29829
29830
29831
29832
29833
29834
29835
29836
29837
29838
29839
29840
29841
29842
29843
29844
29845
29846
29847
29848
29849
29900
29901
29902
29903
29904
29905
29906
29907
29908
29909
29910
29911
29912
29913
29914
29915
29916
29917
29918
29919
29920
29921
29922
29923
29924
29925
29926
29927
29928
29929
29930
29931
29932
29933
29934
29935
29936
29937
29938
29939
29940
29941
29942
29943
29944
29945
29946
29947
29948
29949
29950
29951
29952
29953
29954
29955
29956
29957
29958
29959
29960
29961
29962
29963
29964
29965
29966
29967
29970
29971
29972
29973
29974
29975
29976
29977
29978
29979
29980
30001
30002
30003
30004
30005
30006
30007
30008
30009
30010
30011
30014
30015
30016
30017
30018
30019
30020
30021
30022
30024
30025
30026
30027
30028
30029
30030
30031
30035
30037
30038
30046
30047
30048
30049
30050
30051
30052
30053
30054
30055
30056
30057
30058
30059
30060
30061
30062
30063
30064
30065
30066
30067
30068
30069
30070
30071
30072
30073
30074
30075
30076
30077
30078
30079
30080
30081
30082
30083
30084
30085
30086
30087
30088
30089
30090
30091
30092
30093
30094
30095
30096
30097
30098
30099
30100
30101
30102
30103
30104
30105
30106
30107
30108
30109
30201
30202
30203
30204
30205
30206
30301
30302
30303
30304
30305
30306
30307
30308
30309
30401
30402
30403
30404
30405
30406
30407
30408
30409
30410
31001
31002
31003
31004
31005
31006
31007
31008
31011
31014
31015
31017
31019
31022
31025
31050
31051
31052
31053
31054
31055
31056
31057
31058
31059
31101
31102
31103
31104
31105
31201
31202
31203
31204
31301
31302
31303
31304
31305
31401
31402
31403
31404
31405
31406
31407
31408
31409
31410
31411
31412
31413
31501
31502
31503
31504
31505
31506
31507
31508
31509
31510
31511
31512
31601
31602
31701
31702
31801
31802
31803
31804
31805
31806
31901
31902
31903
31904
31905
32001
32002
32003
32004
32005
32006
32007
32008
32009
32010
32011
32012
32013
32015
32017
32018
32019
32020
32031
32032
32033
32051
32052
32053
32054
32055
32056
32057
32058
32059
32060
32061
32062
32063
32064
32065
32066
32067
32068
32069
32070
32071
32072
32073
32074
32075
32076
32077
32078
32079
32080
32081
32082
32083
32084
32085
32086
32090
32091
32092
32093
32095
32096
32097
32098
32099
32100
32101
32102
32103
32104
32105
32201
32202
32203
32204
32205
32206
33001
33002
33003
33004
33005
33006
33007
33008
33009
33010
33011
33026
33027
33028
33029
33030
33031
33032
33033
33034
33035
33036
33037
33038
33039
33040
33041
33042
33043
33044
33045
33046
33047
33048
33049
33050
33100
33101
33102
33103
33104
33105
33106
33107
33108
33109
33110
33111
33112
33113
33114
33115
33116
33117
33118
33119
33120
33121
33122
33123
33124
33125
33126
33127
33128
33129
33130
33131
33132
33133
33134
33135
33136
33137
33138
33139
33140
33141
33142
33143
33144
33145
33146
33147
33148
33149
33150
33151
33152
33200
33201
33202
33203
33204
33205
33206
33207
33208
33209
33210
33211
33212
33213
33214
33215
33216
33217
33218
33219
33220
33221
33222
33223
33224
33225
33226
33227
33228
33229
33230
33231
33232
33233
33234
33235
33236
33237
33238
33239
33240
33241
33242
33243
33244
33245
33246
33247
33248
33249
33250
33251
33252
33253
33254
33255
33256
33257
33258
33259
33260
33261
33262
33263
33264
33265
33266
33267
33268
33269
33270
33271
33272
33273
33274
33275
33276
33277
33278
33279
33280
33281
33282
33283
33284
33285
33286
33287
33288
33289
33290
33291
33292
33293
33294
33295
33296
33297
33298
33299
33300
33301
33400
33401
33999
35004
35006
35007
35008
35009
35010
35011
35012
35013
35015
35016
35017
35018
36001
36002
36003
36004
36005
36006
36007
36008
36009
36010
36011
36012
36013
36014
36101
36102
36103
36104
36105
36106
36107
36108
36109
36110
36111
36112
36201
36202
36203
36204
36205
36206
36207
36208
36209
36210
36301
36302
36303
36401
36402
36403
36404
36405
36406
37001
37002
37003
37004
37005
37006
37007
37008
37009
37010
38001
38002
38003
38004
38005
38006
38007
38008
38009
38010
38101
38102
38103
38104
38105
38106
38107
38108
38109
38110
38201
38202
38203
38204
38205
38206
38207
38208
38301
38302
38303
38304
38305
38306
38307
38308
38401
38402
38403
38404
38405
38406
38407
38408
38501
38502
38503
38504
38505
38506
38601
38602
38603
38604
38605
38606
38607
38608
38701
38702
38703
38704
38705
38706
38707
38801
38802
38803
38804
38805
38901
38902
38903
38904
39001
39002
39003
39004
39101
39102
39103
39104
40003
40004
40005
40006
40007
40008
40010
40011
40012
40014
40015
40016
40017
40018
40019
40020
40021
40022
40023
40024
40025
40026
40027
40028
40029
40030
40031
40032
40033
40050
40051
40112
40114
40115
40116
40121
40131
47001
47002
47003
47004
47005
47006
47007
47008
47009
47010
47249
47312
47431
47457
48001
48002
48005
48006
48032
48104
48116
50000
50001
50002
50003
50004
50005
50006
50010
50011
50012
50013
50014
50015
50016
50020
50021
50022
50023
50024
50025
50026
50030
50031
50032
50033
50034
50035
50036
60001
60002
60004
60005
60006
60007
60008
60010
60101
60102
60103
70001
70002
70003
70004
70005
70006
70011
70012
70013
70014
70015
70016
70017
70020
70021
70101
70105
70110
71001
71002
80001
80002
80003
80010
80011
80020
80021
85001
85002
85003
85004
85005
85006
85007
85008
85009
85010
85020
85021
85022
85101
85201
85203
85210
85211
85301
86001
86002
90201
90202
90203
90204
90205
90206
90207
90401
90402
90403
90404
90405
91001
91002
91003
91005
91101
91102
91103
92001
92002
92003
92004
92005
92006
92007
92008
92009
92010
92011
92012
92013
92014
92015
92016
92017
92018
92019
92020
92021
92022
92023
92024
92025
92101
92102
92103
95029
95030
95031
95032
95033
95059
95060
95061
95062
95063
95064
95070
95079
95080
85001001
